4.739
24.100
26.476
2.180
1.737
2.506
2.890
1.437
1.192
1.369
2.849
1.138
0.898
30.625
1.581
0.844
1.310
2.380
1.373
1.167
2.009
4.327
2.250
1.449
0.792
1.099
2.360
3.062
6.156
2.690
0.608
1.517
1.006
0.709
3.551
2.190
1.103
0.930
1.363
0.693
0.617
2.842
0.988
0.761
0.847
0.603
0.833
0.780
0.893
0.511
3.568
1.319
0.477
0.544
6.565
1.753
1.393
0.544
0.514
2.000
0.658
5.259
0.691
0.592
0.511
0.885
0.531
1.131
1.079
3.676
1.183
0.800
0.481
1.364
0.951
0.640
0.882
2.078
1.583
0.593
0.872
2.580
0.731
0.385
2.250
1.370
0.483
8.333
0.838
0.418
0.480
8.714
1.488
2.881
0.741
0.702
0.484
0.358
0.975
1.258
0.507
0.523
2.404
0.509
2.176
1.276
0.828
0.553
11.778
0.752
0.770
0.528
0.361
0.534
1.789
0.944
0.783
1.695
0.418
1.269
1.053
0.341
8.909
6.467
5.706
1.213
0.882
1.315
0.414
1.284
0.941
9.300
0.823
2.556
0.613
0.700
0.497
1.364
0.882
0.552
0.429
0.293
1.294
0.278
0.623
0.288
0.273
4.421
0.472
0.278
11.714
0.603
0.333
39.500
0.338
2.000
2.419
0.222
2.121
1.842
13.600
2.833
0.214
0.469
2.955
37.000